'KBTONovel.dat'  
'KBTONovelOutput'  
2          ! Number of offspring in the sample
11           ! Number of loci
1234        ! Seed for random number generator
0           ! 0/1=Not updating/updating allele frequency
2           ! 2/1=Dioecious/Monoecious species
0           ! 0/1=No inbreeding/inbreeding
0           ! 0/1=Diploid species/HaploDiploid species
0  0        ! 0/1=Polygamy/Monogamy for males & females
0           ! 0/1=Clone inference =No/Yes
1           ! 0/1=Full sibship size scaling =No/Yes
1 1.0 1.0   ! 0,1,2,3=No,weak,medium,strong sibship size prior; mean paternal & meteral sibship size
1           ! 0/1=Unknown/Known population allele frequency
6 9 9 7 6 7 6 10 6 5 8  !Number of alleles per locus
     306     310     314     318     322     334      
  0.1000  0.5000  0.0670  0.0670  0.2330  0.0330  
     218     222     226     230     234     238     240     242     246    
  0.0330  0.1000  0.1670  0.3330  0.2330  0.0330  0.0330  0.0330  0.0330  
     198     206     210     214     234     238     242     246     254    
  0.2000  0.3000  0.1000  0.0330  0.0670  0.1330  0.0330  0.0330  0.1000 
     146     150     154     158     162     166     170   
  0.1000  0.1000  0.0670  0.2000  0.1330  0.3670  0.0330  
     336	     352	    360	    364	   368	   372      
  0.4330	  0.0670	 0.1000	 0.1000	0.0330	0.2670
     219     235	    239	    243	   247	   251	  255      
  0.0330	  0.0670	 0.2000	 0.2670	0.2670	0.1000  0.0670
     334	     338	    342	    346	   350	   358
  0.1000	  0.1000	 0.5000	 0.1330	0.1330	0.0330
     222	     230	    234	    246	   254	   258	  274	  278	  286	  290	  
  0.0330	  0.0330	 0.0330	 0.0670	0.2670	0.1000  0.0670  0.3330  0.0330   0.0330
     250	     254	    258	    262	   266	   270
  0.4000  0.0670	 0.0330	 0.1000	0.2330	0.1670
     160     164	    168	    172	   176
  0.1330	  0.4330  0.1000	 0.3000	0.0330
     216     224     228	    232	   236     240     244     256 
  0.0330	  0.0670	 0.0330	 0.0330	0.3000  0.2670  0.2330  0.0330




1         ! Number of runs
2         ! Length of run
0         ! 0/1=Monitor method by Iterate#/Time in second
100000    ! Monitor interval in Iterate# / in seconds
0         ! non-Windows version
1         ! Fulllikelihood
3         ! 1/2/3=low/medium/high Precision for Fulllikelihood

11,18,107,132,333,330,294,255,222,214,167         
0,0,0,0,0,0,0,0,0,0,0
0,0,0,0,0,0,0,0,0,0,0
0.005,0.005,0.005,0.005,0.005,0.005,0.005,0.005,0.005,0.005,0.005
       
KBTO10  306 310 222 234 238 254 146 158 336 336 247 247 338 342 234 258 250 250 160 168 236 244
KBTO11  310 310 222 234 238 254 146 162 336 352 239 243 338 342 274 278 250 266 160 164 236 244 

0.5 0.5    !prob. of dad/mum included in the candidates
7   6       !numbers of candiadte males & females

M1  310 310 226 226 198 206 158 166 360 372 243 243 342 342 254 278 250 250 164 168 240 240
M2  310 322 222 230 206 238 158 162 336 352 243 247 342 350 258 278 250 266 160 164 236 244
M3  322 334 230 238 214 238 150 162 336 364 239 243 334 342 246 286 250 262 164 164 224 232 
M4  306 314 230 242 198 206 150 154 336 336 239 247 350 358 222 246 250 258 160 172 228 240
M5  310 314 234 234 206 234 158 166 336 372 251 255 346 346 254 278 250 266 164 172 224 236 
M6  310 322 230 234 206 234 166 166 336 372 251 255 346 346 278 290 250 266 172 176 236 244 
M7  322 322 230 230 210 210 166 166 372 372 239 239 342 350 254 278 262 266 164 172 236 240 
   
F1  318 322 226 230 198 206 166 170 360 364 247 251 342 350 254 278 270 270 172 172 240 244 
F2  310 310 230 234 198 206 166 166 368 372 235 247 342 342 254 278 266 270 164 172 236 244
F3  310 310 226 230 206 210 158 166 360 372 243 243 342 342 254 278 266 270 164 164 236 240 
F4  318 322 226 230 198 198 154 166 364 372 235 247 342 342 254 278 262 270 172 172 240 244 
F5  306 310 234 246 246 254 146 162 336 336 239 247 334 338 258 274 250 250 164 168 236 240 
F6  310 310 218 230 206 242 150 158 336 336 219 243 334 342 230 254 254 254 164 164 216 256 
   
0.0  0.0  
0  0


0  0

0  0

0 

0 

0 

0 

0 

0 


